BSPLINE #INTERPOLATION
12 # num of keyframes
10 # num of cp

## first
1.5    3.5        # 하단
2.9    1.5    
3    0.9        # 오른쪽 기준점
2    -1.5
1.7    -2
-1.7    -2
-2    -1.5
-3    0.9        # 왼쪽 기준점
-2.9    1.5
-1.5    3.5        # 하단
0.1
1.5708 1 0 0
0 -1.2 25

## 2
1.5    3.5        # 하단
2.9    1.5    
3    0.9        # 오른쪽 기준점
2    -1.5
1.7    -2
-1.7    -2
-2    -1.5
-3    0.9        # 왼쪽 기준점
-2.9    1.5
-1.5    3.5        # 하단
0.1
1.5708 1 0 0
0 -1.2 26

## 2
1.5    3.5        # 하단
2.9    1.5    
3    0.9        # 오른쪽 기준점
2    -1.5
1.7    -2
-1.7    -2
-2    -1.5
-3    0.9        # 왼쪽 기준점
-2.9    1.5
-1.5    3.5        # 하단
0.2
1.5708 1 0 0
0 -1.2 26.2

## 2
1.5    3.5        # 하단
2.9    1.5    
3    0.9        # 오른쪽 기준점
2    -1.5
1.7    -2
-1.7    -2
-2    -1.5
-3    0.9        # 왼쪽 기준점
-2.9    1.5
-1.5    3.5        # 하단
0.85
1.50    1 0 0
0 -1.0 30

## 2
1.5    3.5        # 하단
2.9    1.5    
3    0.9        # 오른쪽 기준점
2    -1.5
1.7    -2
-1.7    -2
-2    -1.5
-3    0.9        # 왼쪽 기준점
-2.9    1.5
-1.5    3.5        # 하단
0.95
1.40 1 0 0        #5
0 0.0 38

## 2
1.5    3.5        # 하단
2.9    1.5    
3    0.9        # 오른쪽 기준점
2    -1.5
1.7    -2
-1.7    -2
-2    -1.5
-3    0.9        # 왼쪽 기준점
-2.9    1.5
-1.5    3.5        # 하단
0.95
1.20 1 0 0
0 1.5 44

## 2
1.5    3.5        # 하단
2.9    1.5    
3    0.9        # 오른쪽 기준점
2    -1.5
1.7    -2
-1.7    -2
-2    -1.5
-3    0.9        # 왼쪽 기준점
-2.9    1.5
-1.5    3.5        # 하단
0.75
1.15 1 0 0
0 3.5 48


## 2
1.5    3.5        # 하단
2.9    1.5    
3    0.9        # 오른쪽 기준점
2    -1.5
1.7    -2
-1.7    -2
-2    -1.5
-3    0.9        # 왼쪽 기준점
-2.9    1.5
-1.5    3.5        # 하단
0.3
0.9 1 0 0
0 5.5 51

## 2
1.5    3.5        # 하단
2.9    1.5    
3    0.9        # 오른쪽 기준점
2    -1.5
1.7    -2
-1.7    -2
-2    -1.5
-3    0.9        # 왼쪽 기준점
-2.9    1.5
-1.5    3.5        # 하단
0.18
0.8 1 0 0
0 7.0 52.5

## 2
1.5    3.5        # 하단
2.9    1.5    
3    0.9        # 오른쪽 기준점
2    -1.5
1.7    -2
-1.7    -2
-2    -1.5
-3    0.9        # 왼쪽 기준점
-2.9    1.5
-1.5    3.5        # 하단
0.15
0.8 1 0 0        #10
0 8.0 53.5

## 2
1.5    3.5        # 하단
2.9    1.5    
3    0.9        # 오른쪽 기준점
2    -1.5
1.7    -2
-1.7    -2
-2    -1.5
-3    0.9        # 왼쪽 기준점
-2.9    1.5
-1.5    3.5        # 하단
0.15
0.8 1 0 0
0 9.0 54.5

## 2
1.5    3.5        # 하단
2.9    1.5    
3    0.9        # 오른쪽 기준점
2    -1.5
1.7    -2
-1.7    -2
-2    -1.5
-3    0.9        # 왼쪽 기준점
-2.9    1.5
-1.5    3.5        # 하단
0.15
0.8 1 0 0
0 10.0 55.5
