INTERPOLATION
11
10
#####################################
0.88 1.96
0.02 1.4
-1.04 2
-0.86 0.94
-1.3 -0.22
0.02 -0.26
0.66 -0.76
0.7 0.18
1.58 0.46
0.9 1.06
1
0 1 0 0
0 0 0
#####################################
1.02 2.24
-0.18 1.4
-0.96 2.24
-0.84 0.92
-1.42 -0.14
-0.3 -0.04
0.82 -0.94
0.44 0.38
1.44 0.82
0.68 1.48
0.4
0 1 0 0
0 0.3 0
#####################################
0.88 2.08
-0.28 2.1
-0.9 1.88
-1.5 0.88
-1.32 -0.18
-0.52 -1.04
0.62 -1.32
1.32 -0.18
1.54 0.7
1.42 1.34
0.3
0 1 0 0
0 3 0
#####################################
0.68 2.04
0 2.06
-0.98 1.94
-1.36 1.24
-1.38 0.38
-0.88 -0.68
-0.14 -0.82
1.3 -0.9
1.44 -0.24
1.72 1.08
0.6
0 1 0 0
0 4 0
#####################################
0.64 1.68
-0.06 1.12
-1.3 1.3
-0.94 0.54
-1.46 -0.6
-0.28 -0.46
0.66 -1.08
0.72 -0.2
1.48 0.12
0.76 0.72
2
0 1 0 0
0 3 0
#####################################
0.58 1.66
-0.32 1.18
-1.38 1.24
-1 0.18
-1.94 -0.86
-0.36 -0.82
0.68 -1.7
0.82 -0.44
1.9 0.42
0.92 0.64
0.7
0 1 0 0
0 5 0
#####################################
0.78 1.94
-0.04 1.3
-1.3 1.64
-1.16 0.36
-1.94 -0.96
-0.58 -1.22
0.4 -1.84
0.92 -0.76
2.02 0.24
1.14 0.76
1.2
0 1 0 0
0 4.5 0
#####################################
1.42 1.62
-0.1 0.62
-1.54 1.26
-1.1 -0.08
-1.68 -1.08
-0.3 -1.16
0.76 -2.1
0.86 -0.54
2.18 -0.26
1.06 0.24
0.3
0 1 0 0
0 7 0
#####################################
0.68 1.62
-0.4 1.34
-1.38 1.32
-1.44 0.38
-1.74 -1.02
-0.12 -1.62
1.6 -1.74
1.84 -0.84
2.02 0.18
1.44 0.8
0.6
0 1 0 0
0 6.5 0
#####################################
0.84 1.26
-0.12 0.7
-1.08 1.36
-0.9 0.12
-1.6 -0.7
-0.3 -0.58
0.88 -1.3
0.58 -0.3
1.64 -0.08
0.88 0.38
0.4
0.6 1 0 0
0 8 0
#####################################
0.42 1.16
-0.18 1.12
-0.7 1.12
-1.04 0.62
-0.66 -0.48
-0.46 -0.78
0.82 -0.38
1.14 0.32
0.92 0.54
1 0.9
0.1
12 1 0 0
0 9 -0.5
#####################################
